4294967279,351
4294967278,336
4294967278,239
4294967279,92
4294967279,90
4294967279,315
4294967278,254
4294967278,248
4294967294,1091
4294967294,1089
4294967294,1016
4294967294,1013
4294967294,1011
4294967294,163
4294967278,230
4294967278,222
4294967294,30
4294967294,1173
4294967294,1172
4294967294,1170
4294967294,1169
4294967294,1164
4294967294,1153
4294967294,998
4294967294,996
4294967294,995
4294967294,994
4294967294,993
4294967294,60
4294967294,12
4294967294,1015
4294967294,176
4294967278,426
4294967279,102
4294967279,94
4294967279,91
4294967279,330
4294967279,353
4294967279,93
573,5
573,4
573,3
573,2
573,1
4294967278,235
4294967278,305
4294967278,186
4294967279,306
569,7
569,6
569,5
569,4
569,3
569,2
569,1
4294967278,229
4294967278,227
4294967278,149
4294967278,143
4294967279,144
565,7
4294967278,223
4294967294,1023
4294967279,272
565,6
565,5
565,4
565,3
565,2
565,1
4294967278,221
562,6
562,5
562,4
562,3
562,2
562,1
4294967294,390
4294967278,346
4294967278,219
4294967294,476
4294967294,1179
559,5
559,4
559,3
559,2
559,1
557,4
557,3
557,2
557,1
556,5
556,4
4294967278,189
556,3
556,2
556,1
4294967294,1177
4294967294,179
4294967294,386
4294967294,189
554,6
4294967294,1178
554,5
554,4
554,3
554,2
554,1
4294967294,475
553,5
553,4
553,3
553,2
553,1
4294967294,430
4294967279,570
4294967279,524
552,5
552,4
552,3
552,2
552,1
4294967279,159
551,5
551,4
551,3
551,2
551,1
550,4
550,3
550,2
550,1
4294967279,277
4294967278,133
4294967279,219
4294967279,99
4294967279,97
4294967279,95
4294967278,217
4294967279,271
549,5
549,4
549,2
549,1
4294967279,568
4294967278,215
4294967278,324
4294967278,250
4294967278,242
4294967278,246
4294967294,1009
4294967294,1005
4294967294,183
4294967278,392
545,7
545,6
545,5
545,4
545,2
545,1
4294967279,100
4294967279,98
541,7
4294967279,564
541,6
541,5
541,4
541,2
541,1
4294967278,176
4294967278,341
4294967278,158
4294967278,383
4294967278,352
538,6
538,5
538,4
538,3
538,2
538,1
4294967278,394
4294967278,382
4294967294,1021
4294967294,1006
4294967294,1092
4294967294,1093
4294967278,144
4294967278,381
4294967294,474
535,5
535,4
535,3
535,2
535,1
533,4
533,3
533,2
533,1
4294967279,350
4294967279,538
532,5
532,4
532,3
532,2
532,1
530,6
4294967279,344
530,5
530,4
530,3
530,2
530,1
4294967278,379
4294967294,473
529,5
529,4
529,3
529,2
529,1
4294967278,390
4294967279,101
528,5
4294967279,96
528,4
528,3
528,2
528,1
4294967294,471
4294967294,1003
4294967294,1002
4294967294,1018
527,5
527,4
527,3
527,2
527,1
4294967278,200
4294967294,441
526,4
526,3
526,2
526,1
4294967278,349
4294967278,340
4294967278,337
4294967278,333
4294967278,36
4294967278,35
4294967278,34
4294967278,33
4294967278,32
4294967278,31
4294967278,30
4294967278,28
4294967278,27
4294967278,26
4294967278,25
4294967278,24
4294967278,23
4294967278,347
4294967278,22
4294967278,21
4294967278,20
4294967278,19
4294967278,18
4294967278,17
4294967278,16
4294967278,15
4294967278,14
4294967278,13
4294967278,12
4294967278,11
4294967278,10
4294967278,9
4294967278,335
4294967278,8
4294967278,7
4294967278,6
4294967278,5
4294967278,4
4294967279,132
4294967279,131
4294967279,130
4294967279,129
4294967279,128
4294967279,127
4294967279,126
4294967279,125
4294967279,124
4294967279,252
4294967279,123
4294967279,122
4294967279,121
4294967279,120
4294967279,119
4294967279,118
4294967279,117
4294967279,116
4294967279,115
4294967279,114
4294967279,113
4294967279,112
4294967279,111
4294967279,110
4294967279,109
4294967279,108
4294967279,107
4294967279,106
4294967279,105
4294967279,104
4294967279,103
4294967279,23
4294967279,22
4294967279,21
4294967279,19
4294967279,17
4294967279,14
4294967279,13
4294967279,11
525,5
525,4
525,2
525,1
4294967278,159
4294967278,377
4294967278,391
4294967279,563
4294967278,376
4294967278,293
4294967278,148
4294967279,575
4294967278,375
4294967278,134
521,7
521,6
4294967278,136
521,5
521,4
521,2
521,1
4294967279,135
4294967279,12
4294967294,1012
4294967294,185
4294967294,1090
4294967279,525
4294967278,424
4294967279,562
4294967279,269
4294967279,263
4294967279,512
4294967279,561
4294967279,317
4294967279,349
517,7
517,6
517,5
517,4
517,2
517,1
4294967278,374
4294967279,281
514,6
514,5
514,4
514,3
514,2
514,1
4294967278,371
4294967278,370
4294967278,194
4294967278,193
4294967294,470
511,5
511,4
511,3
511,2
511,1
4294967294,400
509,4
509,3
509,2
509,1
508,5
508,4
508,3
508,2
508,1
4294967278,367
506,6
506,5
4294967278,147
506,4
4294967278,146
506,3
506,2
506,1
4294967278,366
4294967279,145
4294967294,511
505,5
505,4
505,3
505,2
505,1
4294967279,519
4294967279,278
4294967278,135
4294967279,133
4294967279,290
504,5
4294967278,270
504,4
504,3
504,2
504,1
4294967294,510
503,5
4294967279,267
503,4
503,3
503,2
503,1
502,4
502,3
502,2
502,1
4294967279,347
4294967294,421
4294967278,325
4294967278,423
4294967278,29
4294967279,174
4294967278,330
4294967278,420
501,5
501,4
4294967279,291
501,2
501,1
4294967294,389
4294967279,549
4294967278,422
497,7
497,6
497,5
497,4
497,2
497,1
4294967279,296
4294967278,360
4294967279,305
493,7
493,6
493,5
493,4
493,2
493,1
4294967279,545
4294967279,542
490,6
490,5
490,4
490,3
490,2
490,1
4294967294,395
4294967294,385
4294967279,261
4294967279,540
4294967278,322
4294967279,513
4294967278,321
4294967278,323
4294967279,318
4294967278,317
4294967294,509
4294967278,244
4294967278,240
487,5
487,4
487,3
487,2
487,1
4294967278,234
4294967278,228
4294967278,226
485,4
485,3
485,2
485,1
4294967278,216
4294967278,214
4294967279,539
4294967278,212
4294967278,210
484,5
484,4
484,3
484,2
484,1
4294967278,208
4294967278,206
482,6
482,5
482,4
482,3
482,2
482,1
4294967294,508
4294967279,195
481,5
481,4
481,3
481,2
481,1
480,5
480,4
480,3
480,2
480,1
4294967294,507
479,5
479,4
479,3
479,2
479,1
478,4
478,3
478,2
478,1
4294967279,304
4294967278,389
4294967279,535
477,5
477,4
477,2
477,1
4294967278,312
4294967279,532
4294967278,255
473,7
473,6
473,5
473,4
473,2
473,1
4294967294,1020
469,7
4294967278,311
4294967278,201
4294967278,199
4294967278,198
469,6
469,5
469,4
469,2
469,1
4294967279,528
4294967278,302
4294967278,187
4294967279,186
4294967278,183
4294967278,182
4294967278,181
4294967278,2
4294967278,178
4294967278,177
4294967278,355
466,6
4294967278,171
466,5
466,4
466,3
466,2
466,1
4294967278,354
4294967294,1095
4294967279,345
4294967294,506
463,5
463,4
463,3
463,2
463,1
4294967294,466
461,4
461,3
461,2
461,1
4294967279,526
460,5
460,4
460,3
460,2
460,1
458,6
458,5
458,4
458,3
458,2
458,1
457,5
457,4
457,3
457,2
457,1
456,5
456,4
456,3
456,2
456,1
455,5
455,4
455,3
455,2
455,1
4294967294,426
454,4
454,3
454,2
454,1
4294967294,112
4294967279,327
4294967294,392
4294967294,1362
4294967278,130
4294967278,125
4294967278,123
4294967278,120
4294967278,118
4294967278,117
4294967278,116
4294967278,114
4294967278,103
4294967278,101
4294967278,100
4294967278,95
4294967278,91
4294967278,90
4294967278,85
4294967278,80
4294967278,76
4294967278,68
4294967278,67
4294967278,62
4294967278,57
4294967278,52
4294967278,256
4294967278,44
4294967278,43
4294967278,42
4294967279,7
4294967278,87
453,5
453,4
453,2
453,1
4294967279,316
4294967278,66
4294967278,64
4294967278,63
4294967278,61
4294967278,50
4294967278,351
4294967278,260
4294967278,47
4294967278,45
449,7
449,6
449,5
449,4
449,2
449,1
4294967278,40
4294967278,39
4294967278,421
4294967278,138
4294967279,274
4294967294,384
4294967294,168
4294967294,111
4294967294,162
445,7
4294967279,313
445,6
445,5
445,4
445,2
445,1
4294967279,320
4294967278,238
4294967279,573
4294967279,312
442,6
442,5
442,4
442,3
442,2
442,1
4294967278,344
439,5
439,4
439,3
439,2
439,1
437,4
437,3
437,2
437,1
4294967279,323
4294967279,311
436,5
436,4
436,3
436,2
436,1
4294967278,173
434,6
434,5
434,4
434,3
434,2
434,1
433,5
433,4
433,3
433,2
433,1
4294967294,409
4294967294,407
4294967294,420
4294967294,411
432,5
432,4
432,3
432,2
432,1
4294967279,147
431,5
431,4
431,3
431,2
431,1
4294967278,342
430,4
430,3
430,2
430,1
4294967278,338
4294967279,574
4294967278,417
4294967279,322
4294967278,334
4294967278,127
4294967278,126
4294967278,112
4294967278,418
4294967278,109
4294967278,104
4294967278,307
4294967278,93
4294967278,86
4294967278,84
4294967278,74
4294967278,318
4294967278,285
4294967279,6
429,5
429,4
429,2
429,1
4294967278,332
4294967278,124
4294967278,115
4294967278,106
4294967278,113
4294967278,111
4294967278,419
4294967294,114
425,7
425,6
425,5
425,4
425,2
425,1
4294967294,1004
4294967279,200
4294967279,194
4294967278,78
4294967278,304
4294967278,320
4294967278,75
4294967294,459
4294967279,180
4294967278,175
4294967279,177
421,7
4294967279,171
4294967279,165
421,6
421,5
421,4
421,2
421,1
4294967279,302
418,6
418,5
418,4
418,3
418,2
418,1
4294967279,324
4294967294,505
415,5
415,4
415,3
415,2
415,1
413,4
413,3
413,2
413,1
4294967294,37
4294967294,39
412,5
412,4
412,3
412,2
412,1
4294967294,29
4294967279,300
4294967294,40
410,6
4294967294,418
4294967294,451
410,5
410,4
410,3
410,2
410,1
4294967294,504
4294967278,309
409,5
409,4
409,3
409,2
409,1
408,5
408,4
408,3
408,2
408,1
407,5
407,4
